 0  0  02  FF   FD  31
 31  31  31  31  31  31  31  31  31  31  31  31  31  31  31  31
 31  31  31  31  31  31  31  31  31  31  31  31  31  31  31  31
 31  31  31  31  31  31  31  31  31  31  31  31  31  31  31  31
 31  31  31  31  31  31  31  31  31  31  31  31  31  31  31  31
 31  31  31  31  31  31  31  31  31  31  31  31  31  31  31  31
 31  31  31  31  31  31  31  31  31  31  31  31  31  31  31  31
 31  31  31  31  31  31  31  31  31  31  31  31  31  31  31  31
 31  31  31  31  31  31  31  31  31  31  31  31  31  31  31  31
 31  31  31  31  31  31  31  31  31  31  31  31  31  31  31  31
 31  31  31  31  31  31  31  31  31  31  31  31  31  31  31  31
 31  31  31  31  31  31  31  31  31  31  31  31  31  31  31  31
 31  31  31  31  31  31  31  31  31  31  31  31  31  31  31  31
 31  31  31  31  31  31  31  31  31  31  31  31  31  31  31  31
 31  31  31  31  31  31  31  31  31  31  31  31  31  31  31  31
 31  31  31  31  31  31  31  31  31  31  31  31  31  31  31  31
 31  31  31  31  31  31  31  31  31  31  31  31  31  31  31  31
 31  31  31  31  31  31  31  31  31  31  31  31  31  31  31  31
 31  31  31  31  31  31  31  31  31  31  31  31  31  31  31  31
 31  31  31  31  31  31  31  31  31  31  31  31  31  31  31  31
 31  31  31  31  31  31  31  31  31  31  31  31  31  31  31  31
 31  31  31  31  31  31  31  31  31  31  31  31  31  31  31  31
 31  31  31  31  31  31  31  31  31  31  31  31  31  31  31  31
 31  31  31  31  31  31  31  31  31  31  31  31  31  31  31  31
 31  31  31  31  31  31  31  31  31  31  31  31  31  31  31  31
 31  31  31  31  31  31  31  31  31  31  31  31  31  31  31  31
 31  31  31  31  31  31  31  31  31  31  31  31  31  31  31  31
 31  31  31  31  31  31  31  31  31  31  31  31  31  31  31  31
 31  31  31  31  31  31  31  31  31  31  31  31  31  31  31  31
 31  31  31  31  31  31  31  31  31  31  31  31  31  31  31  31
 31  31  31  31  31  31  31  31  31  31  31  31  31  31  31  31
 31  31  31  31  31  31  31  31  31  31  31  31  31  31  31  31
 31  31  31  31  31  31  31  31  31  31  31  31  31  31  31  01
 01  00  FE  FF  32  4A  2A  66  C2  01  02  00  00  00  00  00
 00  00